name: pantry-vision
channels:
  - defaults
dependencies:
  - bzip2=1.0.8=h2bbff1b_6
  - ca-certificates=2025.9.9=haa95532_0
  - expat=2.7.1=h8ddb27b_0
  - libffi=3.4.4=hd77b12b_1
  - libzlib=1.3.1=h02ab6af_0
  - openssl=3.0.18=h543e019_0
  - pip=25.2=pyhc872135_1
  - python=3.12.12=h716150d_1
  - setuptools=80.9.0=py312haa95532_0
  - sqlite=3.50.2=hda9a48d_1
  - tk=8.6.15=hf199647_0
  - tzdata=2025b=h04d1e81_0
  - ucrt=10.0.22621.0=haa95532_0
  - vc=14.3=h2df5915_10
  - vc14_runtime=14.44.35208=h4927774_10
  - vs2015_runtime=14.44.35208=ha6b5a95_10
  - wheel=0.45.1=py312haa95532_0
  - xz=5.6.4=h4754444_1
  - zlib=1.3.1=h02ab6af_0
prefix: C:\Users\quanf\miniconda3\envs\pantry-vision
